1-Habitacion llena: 0
1 16 0 0 0 1 0 2 0 3 1 0 1 1 1 2 1 3 2 0 2 1 2 2 2 3 3 0 3 1 3 2 3 3
2-Habitacion llena -1: 1
1 15 0 0 0 1 0 2 0 3 1 0 1 1 1 2 1 3 2 0 2 1 2 2 2 3 3 0 3 1 3 2
3-Habitacion vacia: 16
1 0
4-Filas 0 2: 8
1 8 0 0 0 1 0 2 0 3 2 0 2 1 2 2 2 3
5-Filas 1 3: 8
1 8 1 0 1 1 1 2 1 3 3 0 3 1 3 2 3 3
6-Columnas 0 2: 8
1 8 0 0 1 0 2 0 3 0 0 2 1 2 2 2 3 2
7-Columnas 1 3: 8
1 8 0 1 1 1 2 1 3 1 0 3 1 3 2 3 3 3
8-Diagonal 0 0: 12
1 4 0 0 1 1 2 2 3 3
9-Diagonal 0 3: 21
1 4 0 3 1 2 2 1 3 0
10-X: 8
1 8 0 0 1 1 2 2 3 3 0 3 1 2 2 1 3 0
11-Cuadros 1:
1 12 0 0 0 1 0 2 0 3 2 0 2 1 2 2 2 3 1 0 3 0 1 2 3 2
12-Cuadros 2:
1 12 1 0 1 1 1 2 1 3 3 0 3 1 3 2 3 3 0 0 2 0 0 2 2 2
13- 1 Item: 15
1 1 0 0